 x=   1.0000000000000000        4.0000000000000000     
 y=   2.0000000000000000        5.0000000000000000     
 z=   3.0000000000000000        6.0000000000000000     
 t= T F
